362.214965412534
358.01991440792426
333.4150411332145
355.56653684833236
349.6205188188727
316.67102828229895
315.0701362476474
338.4676103612153
343.02792229787644
322.07194846573304
348.0753980579034
347.05481763657093
354.1661222654128
317.42072168173235
347.45132807202265
317.6560798184941
350.39039445703577
349.6551414850816
317.137564723409
328.3332780140284
350.8913706623988
352.169979895421
346.26497329851446
354.1007742799227
325.3945571028537
329.51068500265103
338.34230921891503
334.1206770714119
326.2142577689783
244.42859791262273
